0,user4057370950936897366,72,455,1,get,0
0,user4505159254896626123,72,383,2,get,0
0,user1925758759775712304,72,335,3,get,0
0,user2645039727715120873,32,311,4,get,0
0,user8396529402727210653,88,335,5,get,0
0,user5817347222824138717,36,515,6,get,0
0,user7832859415878993610,72,383,7,get,0
0,user7460663536092909451,72,311,8,get,0
0,user1096402211991364026,72,479,9,get,0
0,user1005413005517793606,575,10,get,0
0,user5918050438630543064,72,311,11,get,0
0,user5479976144003648234,36,455,12,get,0
0,user4626287080316522538,311,13,get,0
0,user5807414898273462907,72,311,14,get,0
0,user6626839121507135375,96,335,15,add,240
0,user2760703095385767276,72,455,16,get,0
0,user5007637008923300176,36,503,17,get,0
0,user6978610391679727466,72,359,18,get,0
0,user4987430714527649991,72,335,19,get,0
0,user1468038131265307737,72,311,20,get,0
